
n = 1:
   sm1(1) =   0.5466081 3
   sm1(2) =   0.5466081 3
   sm1(3) =   0.5466081 3
   sm1(4) =   0.5466081 3
   sm2(1) =   1.6299832 3
   sm2(2) =   1.6299832 3
   sm3(1) =  -2.6105731 3
   sm3(2) =  -2.6105731 3
   sm3(3) =  -2.6105731 3
   sm3(4) =  -2.6105731 3
