
n = 1:
  sm1a(1) =  -2.5960312 3
  sm1a(2) =  -2.5960312 3
  sm1b(1) =  -2.0659014 3
  sm1b(2) =  -2.0659014 3
   sm2(1) =   3.3839555 3
   sm2(2) =   3.3839555 3
