
n = 1:
   ql1(1) =  -0.2767338 2
   ql1(2) =  -0.2767338 2
   ql2(1) =   0.7575708 2
   ql2(2) =   0.7575708 2
   ql3(1) =  -0.4119097 2
   ql3(2) =  -0.4119097 2
   qh1(1) =  -0.2751289 2
   qh1(2) =  -0.2751289 2
   qh2(1) =   0.7306018 2
   qh2(2) =   0.7306018 2
   qh3(1) =  -0.4502911 2
   qh3(2) =  -0.4502911 2
