
n = 1:
   sm1(1) =  -2.3214508 3
   sm1(2) =  -2.3214508 3
   sm1(3) =  -2.3214508 3
   sm1(4) =  -2.3214508 3
  sm2h(1) =   1.6513804 3
  sm2h(2) =   1.6513804 3
  sm2h(3) =   1.6513804 3
  sm2h(4) =   1.6513804 3
