
n = 1:
      sl1(1) =  -3.7996417 3
      sl1(2) =  -3.7996417 3
      sl2(1) =   2.5240963 3
      sl2(2) =   2.5240963 3
      sl3(1) =  -0.7886835 3
      sl3(2) =  -0.7886835 3
     sm1a(1) =  -2.1224705 3
     sm1a(2) =  -2.1224705 3
     sm1b(1) =  -2.6037186 3
     sm1b(2) =  -2.6037186 3
      sm2(1) =   3.4541770 3
      sm2(2) =   3.4541770 3
      sh1(1) =   3.7444870 3
      sh1(2) =   3.7444870 3
      sh3(1) =  -1.3305474 3
      sh3(2) =  -1.3305474 3
      sh4(1) =  -1.7413897 3
      sh4(2) =  -1.7413897 3

n = 2:
      sl1(1) =  -3.7997492 3
      sl1(2) =  -3.7997492 3
      sl2(1) =   2.3099859 3
      sl2(2) =   2.3099859 3
      sl3(1) =  -0.5234220 3
      sl3(2) =  -0.5234220 3
     sm1a(1) =  -2.0103903 3
     sm1a(2) =  -2.0103903 3
     sm1b(1) =  -2.7293357 3
     sm1b(2) =  -2.7293357 3
      sm2(1) =   3.4686549 3
      sm2(2) =   3.4686549 3
      sh1(1) =   3.6381399 3
      sh1(2) =   3.6381399 3
      sh3(1) =  -1.2052335 3
      sh3(2) =  -1.2052335 3
      sh4(1) =  -1.8993209 3
      sh4(2) =  -1.8993209 3

n = 3:
      sl1(1) =  -3.7998245 3
      sl1(2) =  -3.7998245 3
      sl2(1) =   2.5315127 3
      sl2(2) =   2.5315127 3
      sl3(1) =  -0.7317014 3
      sl3(2) =  -0.7317014 3
     sm1a(1) =  -2.0914103 3
     sm1a(2) =  -2.0914103 3
     sm1b(1) =  -2.6385289 3
     sm1b(2) =  -2.6385289 3
      sm2(1) =   3.4581915 3
      sm2(2) =   3.4581915 3
      sh1(1) =   3.6824524 3
      sh1(2) =   3.6824524 3
      sh3(1) =  -1.2890099 3
      sh3(2) =  -1.2890099 3
      sh4(1) =  -1.7850396 3
      sh4(2) =  -1.7850396 3

n = 4:
      sl1(1) =  -3.7998771 3
      sl1(2) =  -3.7998771 3
      sl2(1) =   2.3680537 3
      sl2(2) =   2.3680537 3
      sl3(1) =  -0.6510066 3
      sl3(2) =  -0.6510066 3
     sm1a(1) =  -2.0946231 3
     sm1a(2) =  -2.0946231 3
     sm1b(1) =  -2.6349233 3
     sm1b(2) =  -2.6349233 3
      sm2(1) =   3.4577578 3
      sm2(2) =   3.4577578 3
      sh1(1) =   3.7177167 3
      sh1(2) =   3.7177167 3
      sh3(1) =  -1.2836964 3
      sh3(2) =  -1.2836964 3
      sh4(1) =  -1.8025670 3
      sh4(2) =  -1.8025670 3
