
n = 1:
   sm1(1) =  10.8276520 3
   sm1(2) =  10.8276520 3
   sm1(3) =  10.8276520 3
   sm1(4) =  10.8276520 3
  sm2h(1) = -11.2520437 3
  sm2h(2) = -11.2520437 3
  sm2h(3) = -11.2520437 3
  sm2h(4) = -11.2520437 3
