
n = 1:
  sm1a(1) =  -2.4922987 3
  sm1a(2) =  -2.4922987 3
  sm1b(1) =  -1.9811174 3
  sm1b(2) =  -1.9811174 3
   sm2(1) =   3.2843161 3
   sm2(2) =   3.2843161 3
