
n = 1:
   ql1(1) =  -0.2786205 2
   ql1(2) =  -0.2786205 2
   ql2(1) =   0.7582907 2
   ql2(2) =   0.7582907 2
   ql3(1) =  -0.4118788 2
   ql3(2) =  -0.4118788 2
   qh1(1) =  -0.2721124 2
   qh1(2) =  -0.2721124 2
   qh2(1) =   0.7287303 2
   qh2(2) =   0.7287303 2
   qh3(1) =  -0.4506725 2
   qh3(2) =  -0.4506725 2
