
n = 1:
  sm1a(1) =  -2.5992584 3
  sm1a(2) =  -2.5992584 3
  sm1b(1) =  -2.0683691 3
  sm1b(2) =  -2.0683691 3
   sm2(1) =   3.3899560 3
   sm2(2) =   3.3899560 3
