
n = 18:
      sl1(1) =  -1.4164551 3
      sl1(2) =  -1.4164551 3
      sl1(3) =  -1.4164551 3
      sl1(4) =  -1.4164551 3
      sl1(5) =  -1.4164551 3
      sl1(6) =  -1.4164551 3
      sl1(7) =  -1.4164551 3
      sl1(8) =  -1.4164551 3
      sl1(9) =  -1.4164551 3
      sl1(10) =  -1.4164551 3
      sl2(1) =   3.4600467 3
      sl2(2) =   3.4600467 3
      sl2(3) =   3.4600467 3
      sl2(4) =   3.4600467 3
      sl2(5) =   3.4600467 3
      sl2(6) =   3.4600467 3
      sl2(7) =   3.4600467 3
      sl2(8) =   3.4600467 3
      sl2(9) =   3.4600467 3
      sl2(10) =   3.4600467 3
      sl3(1) =  -3.1716470 3
      sl3(2) =  -3.1716470 3
      sl3(3) =  -3.1716470 3
      sl3(4) =  -3.1716470 3
      sl3(5) =  -3.1716470 3
      sl3(6) =  -3.1716470 3
      sl3(7) =  -3.1716470 3
      sl3(8) =  -3.1716470 3
      sl3(9) =  -3.1716470 3
      sl3(10) =  -3.1716470 3
      sm1(1) =  -2.6625497 3
      sm1(2) =  -2.6625497 3
      sm1(3) =  -2.6625497 3
      sm1(4) =  -2.6625497 3
      sm1(5) =  -2.6625497 3
      sm1(6) =  -2.6625497 3
      sm1(7) =  -2.6625497 3
      sm1(8) =  -2.6625497 3
      sm1(9) =  -2.6625497 3
      sm1(10) =  -2.6625497 3
      sm1(11) =  -2.6625497 3
      sm1(12) =  -2.6625497 3
      sm1(13) =  -2.6625497 3
      sm1(14) =  -2.6625497 3
      sm1(15) =  -2.6625497 3
      sm1(16) =  -2.6625497 3
      sm1(17) =  -2.6625497 3
      sm1(18) =  -2.6625497 3
      sm1(19) =  -2.6625497 3
      sm1(20) =  -2.6625497 3
      sm2(1) =   3.2544618 3
      sm2(2) =   3.2544618 3
      sm2(3) =   3.2544618 3
      sm2(4) =   3.2544618 3
      sm2(5) =   3.2544618 3
      sm2(6) =   3.2544618 3
      sm2(7) =   3.2544618 3
      sm2(8) =   3.2544618 3
      sm2(9) =   3.2544618 3
      sm2(10) =   3.2544618 3
      sh1(1) =   2.6000976 3
      sh1(2) =   2.6000976 3
      sh1(3) =   2.6000976 3
      sh1(4) =   2.6000976 3
      sh1(5) =   2.6000976 3
      sh1(6) =   2.6000976 3
      sh1(7) =   2.6000976 3
      sh1(8) =   2.6000976 3
      sh1(9) =   2.6000976 3
      sh1(10) =   2.6000976 3
      sh3(1) =  -0.8820916 3
      sh3(2) =  -0.8820916 3
      sh3(3) =  -0.8820916 3
      sh3(4) =  -0.8820916 3
      sh3(5) =  -0.8820916 3
      sh3(6) =  -0.8820916 3
      sh3(7) =  -0.8820916 3
      sh3(8) =  -0.8820916 3
      sh3(9) =  -0.8820916 3
      sh3(10) =  -0.8820916 3
      sh4(1) =  -1.1270095 3
      sh4(2) =  -1.1270095 3
      sh4(3) =  -1.1270095 3
      sh4(4) =  -1.1270095 3
      sh4(5) =  -1.1270095 3
      sh4(6) =  -1.1270095 3
      sh4(7) =  -1.1270095 3
      sh4(8) =  -1.1270095 3
      sh4(9) =  -1.1270095 3
      sh4(10) =  -1.1270095 3
      om1(1) =   0.8711753 3
      om1(2) =   0.8711753 3
      om1(3) =   0.8711753 3
      om1(4) =   0.8711753 3
      om1(5) =   0.8711753 3
      om1(6) =   0.8711753 3
      om1(7) =   0.8711753 3
      om1(8) =   0.8711753 3
      om1(9) =   0.8711753 3
      om1(10) =   0.8711753 3
