
n = 1:
  sm1a(1) =   0.2446900 3
  sm1a(2) =   0.2446900 3
  sm1b(1) =   0.3502625 3
  sm1b(2) =   0.3502625 3
   sm2(1) =   1.7841518 3
   sm2(2) =   1.7841518 3
   sm3(1) =  -2.3804626 3
   sm3(2) =  -2.3804626 3
   sm3(3) =  -2.3804626 3
   sm3(4) =  -2.3804626 3
