
n = 1:
   qf2(1) =   0.3601409 2
   qf2(2) =   0.3601409 2
   qf2(3) =   0.3601409 2
   qf2(4) =   0.3601409 2
   qd2(1) =  -0.2693761 2
   qd2(2) =  -0.2693761 2
   qd2(3) =  -0.2693761 2
   qd2(4) =  -0.2693761 2
   qd2(5) =  -0.2693761 2
   qd2(6) =  -0.2693761 2
   qf3(1) =   0.5074918 2
   qf3(2) =   0.5074918 2
   qf3(3) =   0.5074918 2
   qf3(4) =   0.5074918 2
   qd3(1) =  -0.2885653 2
   qd3(2) =  -0.2885653 2
   qd3(3) =  -0.2885653 2
   qd3(4) =  -0.2885653 2
