
n = 1:
  sm1a(1) =  -2.7553577 3
  sm1a(2) =  -2.7553577 3
  sm1b(1) =  -2.1915638 3
  sm1b(2) =  -2.1915638 3
   sm2(1) =   3.5414739 3
   sm2(2) =   3.5414739 3
