
n = 1:
   ql1(1) =  -0.4975798 2
   ql1(2) =  -0.4975798 2
   ql2(1) =   0.8173649 2
   ql2(2) =   0.8173649 2
   ql3(1) =  -0.3863382 2
   ql3(2) =  -0.3863382 2
   qh1(1) =  -0.2122809 2
   qh1(2) =  -0.2122809 2
   qh2(1) =   0.6957845 2
   qh2(2) =   0.6957845 2
   qh3(1) =  -0.4778467 2
   qh3(2) =  -0.4778467 2
