
n = 25:
      sl1(1) =  -0.7706263 3
      sl1(2) =  -0.7706263 3
      sl2(1) =   2.9140891 3
      sl2(2) =   2.9140891 3
      sl3(1) =  -2.6429282 3
      sl3(2) =  -2.6429282 3
      sm1(1) =  -2.6201032 3
      sm1(2) =  -2.6201032 3
      sm1(3) =  -2.6201032 3
      sm1(4) =  -2.6201032 3
      sm2(1) =   3.2376510 3
      sm2(2) =   3.2376510 3
      sh1(1) =   2.6035778 3
      sh1(2) =   2.6035778 3
      sh3(1) =  -0.7123409 3
      sh3(2) =  -0.7123409 3
      sh4(1) =  -1.6132913 3
      sh4(2) =  -1.6132913 3
      om1(1) =   0.7892594 3
      om1(2) =   0.7892594 3
