
TPSA_Ini: no = 5, nv = 7, eps = 1e-25

reading machine file: flat_file.dat

no of elements:             218
circumference [m]:    52.797200
Energy [GeV]:              3.00

reading machine file: flat_file.dat

no of elements:             218
circumference [m]:    52.797200
Energy [GeV]:              3.00

ini_si

get_COD: 1, Err = 0.000e+00 (1.000e-10)
dx:  0.000e+00  0.000e+00  0.000e+00  0.000e+00  0.000e+00  0.000e+00
x:  0.00000e+00  0.00000e+00  0.00000e+00  0.00000e+00  0.00000e+00  0.00000e+00

alpha_x  = -0.000, alpha_y = -0.000, beta_x = 20.208, beta_y  = 3.074
 nu_x = 0.2237260584558520,  nu_y = 0.0853878419348230, alphac =  3.6262857621433708e-04
ksi_x =  1.3365205019680243e-01, ksi_y =  6.6335764961641203e-02

alpha_x  = -0.000, alpha_y = -0.000, beta_x = 20.208, beta_y  =  3.074

alphac =  3.626e-04 +  3.913e-05*delta +  2.722e-03*delta^2

Fixed points to O(3): 0, -926.66%

Fixed points to O(4): 0, nan%, nan%

h_11001: -8.3976059807097980e-01  0.0000000000000000e+00
h_00111: -4.1679990374750220e-01  0.0000000000000000e+00

h_20001: -3.7132473530973886e-01  2.2288367630875339e+00
h_00201:  9.3239374384521700e-01 -5.5448737297351491e-01
h_10002:  5.3733444946659770e-01 -4.5522039506497758e-01

h_21000: -4.6585323496135604e+00  3.9466275402949491e+00
h_30000:  6.2240218207298339e+00  1.0435894014828097e+01
h_10110:  2.3232426079719879e+00 -1.9682107091454348e+00
h_10020:  4.0506974527394934e+00 -6.8011239768012066e-01
h_10200: -5.2772356125204372e+00  1.5335171884466787e+01

h_40000:  1.9914511765814169e+02  6.8249558136860827e+01
h_31000: -7.9361046719383808e+00  4.7635614238770813e+01
h_20110: -3.1371750773670601e+02  1.8830555790595768e+03
h_20020: -6.4789731994512749e+01  7.6673066013366167e+01
h_20200: -8.0101520593236978e+02 -2.0565121014032484e+03
h_11200:  6.6567001669468823e+01 -3.9586882822922917e+01
h_00310: -8.2432667921351106e+02  4.9022072257165144e+02
h_00400:  2.3351185632266339e+02 -4.2970408664217013e+02

h_22000:  1.2518400856608969e+03  0.0000000000000000e+00
h_11110: -2.6413984180444995e+03  0.0000000000000000e+00
h_00220:  7.6236277991930888e+02  0.0000000000000000e+00

a_xx =  1.4667504635923555e+02
a_xy = -4.3055009166565941e+02
a_yy =  1.3740330344660578e+02
 lieinit: calling daini
 daini:           5           7
