
n = 1:
   ql1(1) =  -0.4945020 2
   ql1(2) =  -0.4945020 2
   ql2(1) =   0.8170578 2
   ql2(2) =   0.8170578 2
   ql3(1) =  -0.3879992 2
   ql3(2) =  -0.3879992 2
   qh1(1) =  -0.2134899 2
   qh1(2) =  -0.2134899 2
   qh2(1) =   0.6967202 2
   qh2(2) =   0.6967202 2
   qh3(1) =  -0.4779929 2
   qh3(2) =  -0.4779929 2
